300
5 27 95 
89 78 45 
22 52 61 
93 95 2 
83 59 48 
81 76 32 
62 34 98 
14 41 62 
80 84 13 
95 68 42 
99 46 65 
7 57 67 
39 92 79 
33 99 6 
50 53 40 
31 29 6 
24 65 93 
98 84 60 
37 11 40 
95 25 27 
43 34 23 
78 78 13 
74 41 77 
74 52 60 
71 14 41 
30 83 15 
40 78 5 
95 77 44 
45 75 31 
84 74 90 
3 60 29 
45 29 80 
21 18 47 
31 39 37 
27 59 16 
87 66 34 
59 64 42 
39 10 86 
80 30 4 
49 22 38 
95 97 93 
6 19 84 
56 21 65 
37 47 94 
28 55 88 
35 29 46 
79 4 8 
55 43 17 
58 51 88 
43 84 97 
9 44 61 
48 18 71 
33 98 42 
33 100 43 
62 12 89 
22 42 78 
63 68 87 
68 73 50 
66 90 46 
61 36 17 
89 3 0 
61 18 43 
54 0 83 
96 18 57 
6 41 98 
17 12 25 
88 71 26 
100 21 17 
96 32 35 
14 21 76 
95 9 84 
41 99 21 
94 62 42 
87 15 16 
0 79 3 
30 14 38 
72 92 39 
78 22 26 
3 47 62 
0 23 42 
86 89 80 
10 60 11 
55 12 2 
84 73 46 
31 79 40 
97 3 12 
95 89 44 
49 6 9 
48 22 65 
56 73 35 
58 39 36 
0 41 87 
34 34 57 
67 23 83 
84 98 58 
92 40 3 
92 1 15 
3 59 42 
59 31 61 
92 83 23 
66 50 17 
1 72 48 
72 88 11 
41 29 83 
88 81 79 
1 47 83 
47 82 88 
10 47 44 
61 41 99 
84 92 3 
38 62 81 
77 92 63 
47 41 32 
91 52 17 
38 37 20 
1 85 19 
27 68 86 
6 20 65 
5 71 47 
92 38 66 
79 13 20 
75 77 59 
78 40 97 
59 52 92 
11 45 90 
0 58 11 
22 15 33 
27 40 39 
16 75 69 
40 89 17 
81 86 82 
69 33 3 
45 13 76 
95 48 13 
33 31 91 
44 1 69 
34 1 78 
69 41 12 
43 96 63 
30 73 7 
27 98 15 
40 87 42 
1 21 31 
21 14 5 
87 20 26 
3 22 65 
36 20 42 
31 6 54 
84 55 61 
19 87 18 
4 66 57 
94 90 72 
100 27 64 
17 62 5 
16 38 61 
64 1 96 
16 68 60 
16 40 18 
66 100 52 
85 44 73 
89 18 17 
76 37 17 
41 28 0 
71 89 65 
11 62 33 
43 98 57 
55 83 78 
18 72 12 
20 77 3 
74 55 16 
85 33 92 
67 15 54 
98 29 95 
30 42 21 
40 17 0 
90 50 43 
40 85 99 
81 28 92 
31 67 0 
35 22 34 
7 8 21 
72 85 16 
85 47 60 
95 72 64 
82 32 32 
33 9 50 
23 37 52 
24 69 45 
43 22 40 
7 14 56 
86 64 27 
72 16 49 
32 2 28 
21 65 2 
28 49 30 
26 83 70 
55 64 100 
54 53 29 
39 32 66 
29 74 63 
93 64 6 
69 37 0 
45 96 73 
25 31 70 
42 49 13 
21 54 44 
33 65 65 
89 21 29 
15 44 95 
87 20 84 
91 71 82 
7 35 36 
11 45 18 
87 4 19 
52 16 86 
31 61 99 
5 82 58 
93 22 99 
13 56 37 
48 84 94 
24 80 86 
71 82 65 
64 16 54 
36 51 99 
72 91 86 
76 79 3 
88 79 6 
7 60 28 
1 97 57 
100 4 76 
93 31 18 
88 55 90 
38 18 68 
93 23 62 
16 80 70 
15 45 22 
12 20 83 
68 78 64 
21 61 18 
53 71 54 
76 73 22 
64 50 80 
75 4 15 
54 86 13 
3 48 44 
54 35 5 
30 3 83 
51 31 23 
70 97 41 
52 82 37 
96 8 79 
63 7 89 
46 84 57 
52 42 11 
54 7 56 
65 68 92 
51 100 9 
19 50 64 
60 32 56 
52 56 87 
18 32 3 
45 36 86 
1 96 47 
88 20 54 
25 65 47 
77 95 52 
88 70 94 
61 22 88 
8 92 98 
23 23 90 
25 29 73 
88 16 64 
58 51 97 
16 75 26 
42 77 100 
14 84 58 
59 73 91 
23 72 43 
70 50 82 
88 22 1 
24 42 25 
87 10 76 
3 89 62 
49 97 60 
35 47 31 
27 100 70 
65 100 90 
25 7 91 
96 56 73 
24 86 55 
66 94 23 
21 50 29 
25 33 95 
62 71 38 
8 95 83 
91 84 35 
10 79 25 
28 93 24 
18 38 28 
18 3 50 
