300
9 87 45 
37 0 73 
64 22 61 
29 59 78 
37 41 26 
67 76 61 
94 86 83 
69 70 15 
81 48 17 
60 24 30 
53 52 33 
77 34 21 
7 79 20 
75 83 100 
39 28 70 
93 72 35 
91 21 56 
86 57 23 
59 68 33 
53 28 59 
87 100 61 
29 95 26 
65 51 68 
8 95 41 
17 98 9 
11 14 38 
89 60 91 
45 76 71 
47 29 2 
96 30 93 
73 10 36 
49 21 62 
19 26 88 
1 63 11 
61 25 26 
57 45 73 
50 100 66 
98 60 24 
11 33 14 
91 94 12 
14 1 87 
55 54 20 
84 8 9 
33 39 99 
3 73 79 
61 81 82 
36 51 59 
6 91 69 
11 13 50 
79 67 44 
63 26 22 
42 16 89 
16 19 35 
10 34 0 
22 55 85 
83 65 40 
30 51 20 
58 18 3 
9 14 77 
78 96 96 
20 2 88 
59 28 23 
13 78 30 
2 0 22 
70 35 44 
22 98 22 
23 21 27 
69 14 7 
26 16 61 
58 4 38 
50 67 35 
11 11 93 
68 18 56 
20 57 11 
35 31 59 
84 49 75 
44 14 59 
87 73 33 
23 99 2 
96 18 34 
61 17 53 
39 62 47 
20 52 68 
24 65 62 
86 55 94 
4 10 55 
20 38 39 
21 53 85 
55 51 46 
47 91 13 
93 97 59 
7 6 36 
44 88 85 
62 15 53 
87 66 56 
100 69 43 
32 32 79 
35 12 16 
70 92 60 
48 4 97 
100 42 28 
63 88 85 
35 86 87 
95 87 24 
17 39 50 
52 8 53 
53 70 66 
4 22 64 
74 53 23 
88 26 0 
10 63 98 
44 95 19 
34 77 39 
35 25 75 
19 33 66 
24 66 5 
46 2 20 
34 100 6 
28 31 68 
11 52 10 
9 14 50 
58 9 49 
22 27 24 
41 96 26 
69 28 30 
89 87 69 
23 22 52 
55 22 95 
7 10 9 
14 8 5 
74 53 49 
82 99 38 
82 58 56 
72 27 23 
4 79 13 
70 33 85 
24 97 84 
30 64 57 
5 5 40 
57 18 6 
76 72 2 
31 3 33 
93 7 82 
16 41 28 
93 64 30 
73 68 74 
82 97 76 
22 57 72 
80 15 48 
71 39 82 
55 27 99 
76 99 80 
51 62 38 
22 79 96 
36 98 62 
85 39 66 
82 91 99 
23 90 0 
8 96 57 
11 34 5 
32 53 45 
12 60 57 
96 21 39 
37 91 1 
31 28 84 
65 29 62 
71 61 15 
55 68 90 
4 13 38 
99 77 19 
87 3 43 
60 53 90 
25 31 84 
22 15 62 
41 25 35 
73 5 69 
40 20 53 
99 8 9 
68 40 7 
63 34 52 
1 79 32 
96 54 13 
76 15 17 
60 36 29 
59 36 25 
59 47 89 
85 35 69 
45 9 1 
78 51 90 
81 79 71 
20 2 73 
46 8 25 
25 30 39 
85 33 74 
15 55 1 
98 69 70 
76 93 22 
85 96 56 
17 50 79 
23 9 88 
88 44 42 
27 33 65 
19 13 78 
36 21 58 
43 80 28 
66 88 97 
81 70 32 
90 53 33 
37 19 15 
30 73 50 
42 70 33 
35 10 47 
18 48 75 
80 3 14 
71 80 20 
26 57 47 
100 23 86 
18 77 39 
7 48 33 
39 41 51 
10 14 96 
54 27 100 
77 10 7 
52 37 4 
3 24 56 
39 21 55 
40 59 75 
78 14 70 
48 81 1 
41 3 0 
18 88 70 
38 31 32 
71 9 11 
47 7 43 
25 83 25 
43 70 7 
12 40 64 
99 2 90 
62 15 82 
73 85 66 
22 7 35 
88 16 86 
79 58 25 
46 13 52 
85 43 35 
46 25 13 
61 14 38 
63 89 58 
48 75 61 
6 95 22 
65 44 30 
64 76 29 
52 7 98 
16 10 94 
52 39 74 
31 45 88 
1 87 95 
66 55 83 
65 28 17 
90 37 18 
95 78 1 
93 88 80 
47 29 76 
85 12 97 
37 35 12 
91 28 43 
10 95 39 
26 91 14 
97 43 50 
91 83 83 
21 63 39 
97 80 54 
35 60 77 
39 82 67 
70 4 36 
62 99 37 
42 24 88 
78 2 44 
56 66 8 
12 61 6 
65 22 57 
11 1 61 
30 58 58 
73 45 91 
38 93 62 
78 70 81 
48 39 29 
32 38 54 
13 72 37 
17 24 24 
22 94 76 
43 47 43 
67 92 22 
70 33 1 
96 77 63 
96 15 83 
96 30 94 
70 28 36 
69 15 78 
52 93 56 
