300
89 50 52 
8 38 55 
92 72 4 
93 74 74 
36 40 64 
3 54 99 
31 35 53 
85 62 3 
50 86 65 
61 47 35 
98 9 6 
21 22 21 
23 27 69 
78 77 47 
62 89 90 
81 46 94 
6 35 53 
31 63 14 
49 74 85 
74 74 55 
91 85 23 
32 25 91 
67 28 67 
24 16 83 
50 9 90 
60 71 96 
96 4 60 
43 35 37 
32 20 14 
42 14 12 
40 50 78 
85 35 34 
23 11 78 
51 69 58 
49 48 46 
74 88 42 
41 63 21 
32 15 84 
58 21 29 
16 3 11 
80 62 88 
73 50 34 
13 9 13 
79 52 69 
82 14 33 
100 22 69 
48 69 55 
62 91 24 
92 59 37 
17 72 74 
4 79 100 
75 29 87 
8 10 8 
32 68 36 
87 12 31 
52 85 71 
77 85 98 
37 19 28 
30 74 46 
25 15 78 
7 60 96 
48 9 92 
91 6 59 
36 28 33 
80 44 76 
89 5 7 
17 11 70 
31 2 49 
73 49 59 
93 99 65 
65 40 61 
22 0 93 
43 92 38 
0 3 87 
91 29 100 
88 65 83 
80 99 58 
84 65 29 
20 90 86 
22 23 43 
47 59 35 
87 100 4 
4 76 18 
21 1 71 
88 80 99 
37 28 62 
40 55 72 
85 37 41 
33 64 3 
57 30 94 
100 60 67 
68 76 69 
15 61 50 
33 29 45 
7 32 20 
2 67 89 
95 52 48 
99 11 87 
45 61 95 
39 93 82 
82 89 25 
74 83 3 
31 84 56 
44 7 70 
6 19 30 
76 54 19 
94 61 75 
22 10 99 
37 89 65 
45 23 56 
73 32 23 
59 13 70 
4 25 70 
3 22 42 
61 26 18 
24 50 63 
82 42 66 
0 43 53 
97 44 31 
47 42 13 
91 18 5 
77 64 87 
89 15 67 
85 69 68 
20 99 25 
5 13 92 
1 36 70 
71 50 87 
69 100 83 
86 51 76 
63 16 37 
43 96 27 
75 0 80 
8 92 35 
74 73 100 
43 83 48 
67 45 21 
56 89 17 
79 71 3 
65 33 33 
88 68 26 
99 43 84 
31 27 6 
1 32 53 
70 51 72 
18 38 16 
68 67 15 
51 4 96 
4 34 77 
7 92 25 
91 23 67 
95 25 11 
67 94 85 
72 45 4 
44 69 93 
0 25 52 
85 68 9 
77 97 51 
9 4 27 
97 86 63 
63 22 30 
24 38 74 
51 36 80 
28 56 0 
32 32 80 
73 78 74 
64 93 9 
98 68 49 
61 2 70 
0 75 78 
100 61 99 
27 21 66 
3 10 3 
59 16 99 
28 4 98 
10 16 3 
45 53 62 
29 9 8 
50 64 78 
20 39 37 
96 59 92 
9 34 17 
42 70 45 
20 64 6 
88 99 6 
47 36 75 
96 32 36 
24 36 94 
72 14 23 
30 66 4 
89 64 5 
19 66 64 
84 95 9 
35 70 29 
50 42 61 
17 59 98 
41 18 86 
75 32 81 
73 24 65 
52 31 60 
73 84 20 
65 11 3 
55 85 56 
17 84 65 
36 47 75 
51 93 20 
41 12 75 
22 10 24 
66 43 54 
68 14 27 
80 69 94 
12 92 85 
97 48 92 
32 42 75 
91 20 66 
4 5 14 
83 76 15 
32 25 85 
65 33 100 
5 11 64 
93 2 45 
63 57 55 
24 36 82 
44 75 77 
65 69 26 
42 77 68 
5 87 33 
44 86 69 
8 23 39 
22 18 89 
93 28 12 
15 51 14 
88 53 45 
0 27 2 
72 29 100 
94 69 22 
53 66 99 
44 90 11 
95 89 40 
8 26 23 
97 77 83 
53 71 74 
92 95 69 
58 17 19 
2 59 21 
1 47 83 
46 22 85 
100 47 4 
68 58 30 
37 94 30 
22 54 23 
21 44 18 
95 96 32 
28 95 34 
78 97 12 
78 62 72 
47 5 73 
20 36 94 
67 56 70 
20 51 88 
67 6 31 
80 85 76 
46 36 52 
17 10 77 
82 31 89 
31 85 99 
26 16 17 
13 19 54 
35 55 96 
98 21 29 
99 93 75 
8 18 35 
12 32 67 
49 25 37 
82 9 68 
13 85 7 
87 83 58 
31 52 55 
74 86 27 
56 11 15 
59 8 86 
64 51 31 
61 100 59 
48 44 66 
24 9 49 
4 75 32 
16 38 24 
93 80 75 
52 73 26 
97 36 34 
1 45 37 
99 83 31 
62 87 85 
96 81 55 
67 57 20 
54 42 55 
50 42 95 
45 44 2 
13 89 45 
38 97 95 
