300
77 74 15 
26 73 66 
1 80 80 
86 18 8 
49 5 51 
87 40 17 
37 23 42 
75 35 79 
2 74 100 
50 31 71 
97 95 96 
10 67 29 
88 16 27 
100 79 26 
71 3 1 
39 94 68 
16 56 35 
75 3 13 
18 53 34 
29 0 1 
9 5 36 
25 26 30 
45 79 99 
84 30 84 
89 85 4 
67 97 92 
100 5 44 
84 98 64 
92 65 37 
55 2 74 
67 12 74 
100 91 72 
67 3 55 
72 30 82 
47 89 97 
81 34 3 
85 57 19 
88 13 56 
11 76 49 
35 100 88 
59 45 47 
13 84 64 
99 27 16 
9 67 53 
69 40 76 
84 42 59 
41 50 62 
15 29 16 
56 57 13 
13 17 51 
34 20 65 
97 21 58 
62 80 68 
58 32 16 
34 7 33 
54 16 68 
29 65 55 
94 58 70 
93 46 63 
98 51 17 
100 91 58 
35 24 16 
62 2 11 
62 20 30 
34 47 1 
85 14 90 
57 67 66 
56 63 5 
75 59 99 
77 80 65 
44 0 22 
80 92 18 
49 55 68 
2 77 43 
25 62 48 
17 8 65 
4 82 95 
87 59 27 
58 62 37 
8 38 5 
18 64 61 
11 65 63 
100 63 84 
65 54 72 
15 92 12 
39 8 64 
9 71 93 
73 24 62 
99 88 91 
8 6 32 
18 99 16 
84 10 37 
11 93 84 
98 66 97 
76 34 76 
71 32 84 
30 24 62 
54 29 42 
93 33 42 
79 34 2 
16 58 89 
66 51 72 
79 11 36 
0 46 89 
42 22 80 
26 89 77 
93 40 53 
21 57 74 
43 54 38 
74 74 2 
58 42 46 
68 13 68 
79 54 3 
37 62 47 
17 24 9 
39 11 24 
58 58 0 
24 70 15 
39 61 63 
26 38 100 
17 22 30 
80 35 98 
26 95 22 
43 79 17 
30 2 12 
52 37 68 
51 55 74 
91 64 53 
11 13 63 
33 7 80 
9 71 31 
27 74 14 
74 48 40 
8 72 7 
6 29 39 
42 36 7 
73 22 33 
77 48 63 
22 57 20 
26 0 63 
74 93 38 
1 67 14 
59 21 49 
62 63 82 
54 87 83 
58 70 35 
24 68 56 
25 65 58 
77 51 60 
41 6 76 
42 69 51 
95 33 61 
97 23 20 
1 55 77 
1 63 69 
40 54 61 
7 74 13 
84 37 2 
8 75 37 
63 36 2 
71 58 73 
67 78 88 
95 5 46 
88 0 15 
87 28 71 
2 85 38 
49 93 1 
25 45 30 
54 34 64 
52 9 35 
84 5 53 
35 53 39 
63 60 13 
99 77 8 
18 23 2 
65 20 92 
16 51 74 
25 18 68 
49 43 4 
59 49 69 
94 31 36 
42 64 37 
80 35 59 
97 99 70 
74 77 60 
63 95 46 
12 34 16 
97 77 38 
89 89 88 
56 69 64 
85 46 85 
64 26 65 
68 15 15 
94 27 11 
96 74 96 
87 66 92 
55 69 81 
30 37 56 
77 52 17 
41 33 4 
29 96 70 
79 77 46 
35 44 51 
70 49 59 
36 57 33 
9 24 18 
34 86 100 
11 19 73 
59 53 52 
23 78 98 
98 80 32 
45 61 83 
68 73 89 
87 20 85 
30 79 25 
16 25 87 
44 92 49 
76 51 78 
54 86 75 
21 65 81 
83 41 55 
72 32 85 
53 70 97 
56 90 53 
29 63 21 
100 4 39 
55 48 39 
72 70 1 
62 47 47 
66 59 9 
8 99 72 
90 11 34 
59 66 23 
71 51 85 
46 42 24 
7 40 69 
10 92 8 
73 62 80 
39 95 17 
3 92 44 
6 82 24 
42 2 35 
46 71 72 
34 35 55 
43 0 19 
86 33 49 
77 16 18 
33 45 54 
79 76 16 
79 82 25 
12 58 10 
84 3 30 
81 91 22 
39 80 65 
94 11 14 
10 62 55 
25 98 60 
50 0 77 
95 43 97 
46 95 19 
87 16 8 
26 57 83 
11 30 94 
49 67 85 
43 100 85 
98 36 37 
12 32 47 
60 88 12 
64 75 9 
85 33 21 
41 58 84 
42 50 35 
46 14 34 
82 35 18 
57 40 86 
30 98 81 
48 40 97 
17 53 71 
12 97 99 
86 64 14 
82 41 26 
29 5 50 
27 21 61 
46 88 96 
36 86 21 
85 39 17 
94 4 91 
73 12 62 
17 34 59 
74 4 44 
72 92 82 
43 48 6 
74 61 58 
82 53 52 
83 6 62 
4 73 58 
18 36 23 
95 40 36 
54 35 35 
59 84 16 
