300
84 76 23 
96 33 1 
98 48 74 
94 4 39 
25 56 40 
2 42 84 
32 2 48 
46 25 45 
25 52 17 
95 34 0 
21 48 69 
25 43 45 
71 61 96 
53 50 15 
84 3 8 
92 37 6 
21 11 19 
84 76 46 
50 54 99 
23 95 49 
55 30 65 
66 58 1 
84 38 93 
2 96 9 
25 0 16 
21 64 62 
16 6 40 
67 63 80 
100 93 21 
51 93 54 
52 33 57 
41 0 6 
24 23 8 
35 80 8 
36 5 99 
37 89 28 
3 12 35 
77 64 68 
96 44 94 
42 14 75 
35 95 35 
78 10 88 
21 57 94 
70 68 11 
49 45 31 
93 96 48 
56 68 21 
22 1 54 
61 74 12 
73 47 19 
38 42 48 
57 87 7 
51 26 99 
91 100 90 
78 22 73 
6 55 98 
56 56 38 
36 77 13 
10 39 100 
26 33 67 
68 92 54 
62 36 55 
84 71 8 
60 88 51 
42 59 76 
26 50 13 
62 33 43 
69 83 56 
44 22 63 
9 53 70 
88 60 45 
5 41 80 
11 71 41 
12 30 29 
86 90 17 
10 16 14 
60 100 74 
82 13 74 
71 8 0 
24 11 61 
92 29 0 
73 49 7 
5 7 78 
16 48 95 
10 91 79 
53 53 24 
74 64 72 
80 13 91 
26 62 46 
82 99 0 
98 63 40 
5 49 7 
24 65 3 
96 32 0 
97 41 54 
91 22 87 
47 42 37 
36 92 11 
88 1 57 
39 43 82 
83 10 9 
86 39 69 
9 67 95 
34 18 58 
72 68 15 
58 30 99 
5 64 39 
24 33 43 
35 77 80 
15 45 37 
36 98 43 
14 86 59 
58 19 100 
65 40 59 
28 6 3 
33 83 34 
95 28 29 
68 48 89 
67 2 44 
13 9 57 
82 54 95 
55 19 63 
56 93 81 
53 83 71 
87 26 53 
46 35 62 
95 38 92 
33 8 31 
20 92 65 
66 95 56 
90 16 64 
35 35 53 
6 18 62 
43 1 31 
60 80 34 
66 67 89 
45 58 18 
77 0 27 
65 2 65 
32 31 57 
27 30 68 
60 60 6 
47 88 40 
14 83 21 
10 15 26 
29 90 5 
74 14 2 
85 18 51 
49 65 99 
40 51 35 
51 12 50 
40 46 14 
43 56 11 
28 33 48 
71 55 5 
97 83 77 
25 17 75 
69 40 22 
63 71 0 
83 88 52 
57 73 91 
100 33 97 
6 45 55 
48 78 68 
31 11 10 
85 70 63 
30 36 75 
11 14 67 
66 76 2 
0 99 53 
70 63 25 
0 43 92 
83 75 20 
33 20 6 
58 91 41 
2 70 29 
76 31 85 
7 75 1 
35 13 93 
95 55 68 
10 37 76 
60 77 37 
8 23 1 
8 97 81 
97 99 33 
18 92 28 
0 79 45 
46 51 100 
29 30 51 
3 75 1 
86 77 31 
61 6 45 
77 74 98 
53 91 21 
19 5 84 
76 25 18 
41 47 39 
30 30 15 
74 27 83 
58 82 13 
50 87 54 
77 52 88 
49 16 99 
65 84 48 
31 5 93 
85 16 6 
69 50 30 
84 97 26 
92 22 19 
44 16 35 
56 81 38 
55 66 74 
37 38 14 
91 5 15 
42 60 79 
80 53 100 
2 36 90 
56 94 74 
16 4 38 
78 97 45 
19 34 58 
78 66 79 
46 5 43 
3 13 17 
56 3 51 
90 45 14 
99 37 81 
50 36 23 
18 25 50 
6 41 45 
2 23 64 
56 82 35 
40 53 41 
5 53 37 
6 35 34 
80 49 26 
55 48 55 
81 94 74 
66 38 45 
97 77 37 
26 46 39 
92 76 72 
66 5 14 
54 87 45 
46 32 33 
66 5 24 
94 39 43 
42 56 99 
34 56 22 
16 43 74 
94 33 53 
57 32 31 
8 55 2 
77 72 45 
40 8 13 
98 36 44 
15 43 96 
80 73 69 
46 43 41 
40 9 46 
3 36 90 
92 58 76 
4 22 54 
6 12 20 
62 63 57 
85 28 74 
82 65 4 
59 29 91 
24 70 15 
44 74 46 
0 14 97 
47 73 98 
13 66 97 
67 23 41 
79 39 12 
84 10 75 
49 66 8 
26 45 22 
97 98 78 
84 47 29 
57 40 23 
6 60 54 
77 3 46 
91 11 32 
9 100 17 
53 46 27 
18 44 80 
71 66 55 
47 92 46 
44 48 89 
53 61 68 
80 33 63 
54 52 31 
42 48 49 
84 74 47 
83 40 76 
66 0 34 
88 92 95 
24 12 99 
18 32 34 
