300
2 50 36 
89 19 12 
87 52 100 
34 51 35 
15 82 83 
46 30 90 
95 19 86 
60 90 97 
54 72 18 
0 77 14 
89 4 59 
67 29 79 
79 81 89 
63 13 87 
62 56 54 
18 63 3 
60 93 54 
54 39 96 
62 49 64 
74 43 7 
8 68 30 
90 38 89 
86 86 60 
10 93 23 
30 97 81 
25 31 60 
23 6 2 
84 69 57 
86 29 4 
13 27 33 
63 22 12 
96 55 75 
59 87 28 
55 83 63 
84 64 45 
52 30 13 
34 99 93 
92 20 36 
83 29 95 
68 86 41 
25 3 18 
42 92 3 
50 59 99 
47 90 4 
42 13 64 
34 87 56 
2 63 92 
23 85 93 
83 72 38 
30 28 23 
32 61 65 
12 99 28 
1 47 73 
100 8 23 
98 94 75 
3 41 23 
51 99 52 
33 30 60 
46 47 1 
32 23 37 
27 18 99 
71 33 62 
77 71 34 
89 47 24 
23 6 31 
10 77 63 
45 62 86 
79 53 10 
69 9 89 
100 58 1 
95 52 72 
89 72 15 
42 65 55 
78 67 30 
47 22 34 
54 76 30 
24 8 71 
38 99 49 
4 28 80 
47 63 38 
32 90 95 
36 77 51 
46 74 32 
40 61 67 
52 19 3 
77 62 60 
57 97 66 
28 33 5 
53 15 85 
76 18 0 
24 14 64 
65 46 49 
52 48 12 
93 40 50 
61 32 47 
50 98 88 
82 0 76 
37 94 29 
92 27 7 
17 91 3 
26 82 20 
82 93 25 
43 37 84 
53 99 58 
88 68 66 
17 4 4 
74 13 39 
82 41 97 
25 19 81 
30 39 92 
31 41 82 
68 14 89 
39 93 100 
30 75 23 
87 82 49 
73 65 73 
42 68 36 
9 73 9 
14 50 79 
45 18 38 
14 28 31 
27 57 64 
57 38 14 
80 90 95 
55 64 7 
52 91 80 
35 80 45 
28 26 85 
55 67 79 
47 51 66 
2 90 53 
82 56 89 
52 50 98 
56 58 62 
55 73 18 
49 36 34 
90 20 49 
8 79 53 
72 74 65 
30 59 64 
97 29 18 
1 71 38 
79 14 74 
17 57 37 
51 6 13 
32 0 18 
34 12 73 
89 91 94 
27 71 11 
72 44 81 
69 47 72 
78 77 36 
37 72 62 
10 61 29 
11 95 15 
84 94 2 
34 93 54 
99 11 92 
65 28 13 
29 24 51 
10 94 45 
100 63 93 
37 94 38 
71 22 90 
20 93 8 
32 76 96 
68 92 27 
23 42 53 
86 96 35 
39 92 85 
67 91 2 
43 12 82 
78 86 75 
34 16 45 
27 42 82 
79 82 20 
67 83 13 
90 27 98 
30 38 100 
4 44 42 
39 83 44 
13 33 80 
98 97 91 
26 93 75 
8 51 19 
50 43 32 
2 41 65 
42 3 58 
91 98 90 
65 74 45 
30 38 64 
60 76 26 
50 80 11 
32 10 34 
38 98 62 
98 76 14 
16 39 66 
41 14 13 
11 14 84 
99 49 25 
32 99 61 
40 70 54 
79 88 24 
10 76 100 
67 37 21 
94 67 86 
3 72 22 
69 6 75 
90 46 53 
71 29 83 
72 24 15 
79 66 84 
95 33 1 
28 94 14 
67 78 45 
9 59 92 
8 74 50 
81 40 45 
84 32 34 
60 43 76 
96 53 81 
67 72 8 
58 15 64 
40 22 48 
82 34 89 
60 97 19 
24 88 54 
32 77 34 
14 7 62 
24 53 17 
36 97 20 
51 4 78 
7 22 93 
61 97 87 
3 41 24 
1 98 90 
29 18 60 
78 18 57 
37 31 58 
53 0 83 
69 18 49 
2 53 16 
9 73 14 
32 86 75 
65 74 3 
73 57 95 
84 70 77 
60 3 92 
88 79 11 
69 30 97 
8 0 35 
25 8 84 
3 46 16 
0 5 48 
76 44 45 
94 24 20 
41 92 11 
23 45 69 
56 14 46 
26 23 34 
33 44 54 
52 12 93 
45 32 99 
37 86 58 
92 54 97 
51 82 59 
66 16 27 
1 28 32 
65 75 92 
29 76 17 
56 16 84 
57 88 44 
93 26 80 
10 14 13 
71 32 89 
95 37 56 
64 52 59 
55 16 4 
56 9 48 
52 5 26 
61 77 62 
49 100 75 
65 76 33 
39 31 79 
18 93 44 
80 19 5 
30 94 9 
94 36 83 
15 15 67 
88 10 49 
93 81 31 
18 6 18 
84 81 62 
82 38 44 
91 47 1 
67 76 75 
84 29 4 
7 16 37 
80 94 68 
78 44 92 
