300
79 13 45 
62 87 58 
2 0 99 
42 50 56 
17 99 73 
60 84 39 
83 93 3 
47 83 54 
83 33 59 
60 57 82 
76 7 78 
16 45 93 
56 95 75 
34 28 27 
64 25 54 
54 66 98 
37 57 31 
35 100 21 
64 80 64 
42 1 12 
80 56 22 
83 50 34 
48 9 69 
11 95 65 
36 34 92 
12 16 25 
65 11 21 
51 59 17 
81 57 99 
79 12 7 
93 84 52 
78 57 84 
5 33 19 
43 93 67 
45 35 6 
56 61 29 
72 79 67 
16 44 13 
96 59 46 
75 78 65 
88 92 74 
99 90 1 
1 71 38 
82 89 47 
49 57 60 
87 76 67 
78 15 91 
16 27 59 
80 63 32 
70 75 40 
4 0 37 
40 84 5 
15 75 21 
100 40 75 
47 5 61 
87 32 33 
22 60 28 
58 67 81 
28 70 91 
63 82 69 
15 82 72 
8 59 91 
7 20 66 
85 14 74 
46 25 6 
19 82 4 
79 95 47 
5 9 20 
45 40 55 
12 40 29 
14 81 7 
85 16 39 
3 13 76 
78 37 70 
97 13 12 
98 70 34 
34 75 89 
13 43 4 
75 89 15 
33 31 56 
95 66 25 
72 74 2 
98 98 74 
38 3 92 
73 56 8 
6 51 4 
71 51 57 
96 39 87 
74 47 91 
65 70 65 
84 90 69 
77 46 2 
80 82 19 
55 16 19 
25 67 54 
68 81 17 
21 42 43 
13 62 35 
66 72 20 
32 65 63 
23 55 51 
67 98 25 
47 32 50 
60 97 46 
70 88 65 
98 24 16 
73 86 76 
12 59 80 
51 39 51 
1 20 48 
3 96 91 
31 59 79 
68 33 62 
42 99 33 
0 62 54 
92 34 8 
57 17 1 
16 32 64 
27 51 77 
11 6 98 
12 54 17 
67 71 11 
74 47 12 
74 70 35 
24 24 11 
68 88 13 
33 98 0 
88 49 26 
1 7 79 
19 31 34 
74 57 17 
33 98 92 
15 43 31 
62 13 66 
95 88 31 
21 92 52 
10 54 12 
26 44 90 
11 24 68 
92 56 95 
65 5 99 
36 90 82 
90 42 64 
12 52 40 
33 19 39 
23 32 11 
49 39 86 
57 50 64 
50 20 12 
83 71 9 
32 44 52 
43 75 39 
93 17 97 
56 61 30 
89 48 67 
42 46 100 
6 12 34 
20 73 28 
38 4 60 
2 92 26 
85 78 62 
32 17 27 
70 60 36 
10 69 36 
29 7 3 
22 91 56 
24 20 74 
47 90 74 
53 45 43 
97 78 68 
23 12 19 
84 66 69 
59 66 26 
98 91 6 
61 65 83 
44 77 66 
39 34 57 
27 25 51 
68 49 91 
76 34 65 
66 77 91 
48 12 47 
16 0 84 
68 85 2 
97 1 36 
0 62 3 
38 24 2 
54 81 69 
29 45 90 
82 53 91 
86 26 88 
62 76 42 
45 92 89 
30 85 53 
50 54 47 
72 23 4 
82 51 74 
79 43 6 
18 54 7 
80 39 49 
43 85 10 
33 43 36 
40 98 20 
27 52 35 
3 78 62 
58 14 61 
93 7 69 
18 63 94 
35 93 20 
91 17 50 
23 13 32 
42 40 43 
19 89 21 
25 50 76 
33 60 83 
80 10 49 
93 25 73 
4 76 56 
74 22 72 
17 31 11 
16 17 56 
91 29 46 
19 69 75 
38 98 78 
13 80 69 
73 85 74 
10 17 7 
83 53 9 
93 0 41 
69 95 89 
48 40 0 
28 1 60 
74 69 17 
39 29 65 
46 5 92 
43 77 46 
43 71 34 
85 14 85 
86 14 5 
2 4 95 
78 24 77 
15 72 1 
32 7 77 
82 56 11 
46 55 27 
92 31 37 
77 90 89 
15 52 43 
25 73 90 
0 83 2 
70 28 55 
74 36 91 
54 7 50 
99 82 43 
27 11 16 
79 2 75 
90 73 19 
33 33 40 
25 90 11 
40 21 6 
2 57 74 
24 60 87 
17 13 79 
88 31 43 
24 0 43 
43 54 13 
78 78 84 
1 13 18 
49 17 45 
40 84 9 
67 22 71 
10 43 76 
16 100 88 
46 18 86 
20 54 75 
24 94 41 
71 58 27 
24 38 96 
10 89 55 
31 20 21 
25 65 54 
19 24 88 
54 89 42 
63 78 67 
34 23 97 
93 22 10 
64 39 45 
66 71 84 
100 0 94 
24 66 43 
15 18 5 
19 50 8 
73 78 23 
21 57 8 
72 27 67 
72 60 37 
37 15 60 
75 51 40 
11 88 80 
86 99 15 
