300
60 55 7 
35 74 24 
87 13 3 
100 15 19 
31 73 6 
78 75 99 
62 35 80 
18 95 98 
11 98 14 
55 94 28 
21 11 5 
38 36 20 
69 92 88 
1 86 7 
62 0 78 
3 30 12 
17 14 99 
94 54 95 
36 30 99 
75 12 23 
0 65 72 
46 5 12 
3 30 7 
40 6 51 
72 11 90 
100 94 96 
99 24 40 
52 4 84 
10 92 16 
96 25 63 
88 97 77 
80 26 61 
17 67 62 
9 74 12 
95 97 97 
25 10 90 
81 5 75 
54 21 90 
83 61 27 
35 39 21 
94 51 4 
7 3 96 
43 14 67 
97 89 17 
52 52 85 
81 31 16 
32 23 99 
64 75 56 
31 81 25 
74 50 94 
60 50 27 
24 3 84 
41 56 98 
61 6 14 
63 3 7 
49 18 41 
81 32 33 
67 15 64 
37 25 82 
44 84 48 
59 70 81 
67 85 66 
18 62 0 
6 30 67 
50 75 6 
86 40 0 
10 9 1 
22 78 72 
45 56 13 
100 4 63 
88 8 99 
78 15 25 
41 36 13 
62 28 53 
68 8 86 
92 8 8 
1 46 46 
61 62 21 
13 98 36 
86 98 68 
93 89 27 
32 93 85 
78 31 86 
15 67 48 
2 42 24 
28 68 16 
95 82 97 
68 53 90 
60 32 61 
12 69 15 
86 60 94 
60 52 1 
35 100 80 
25 93 17 
94 79 29 
86 77 37 
4 2 46 
68 38 56 
79 33 26 
17 87 27 
60 33 32 
85 30 79 
71 32 6 
85 13 80 
13 33 51 
62 14 35 
22 32 87 
84 16 50 
19 20 86 
71 56 25 
72 70 88 
36 98 85 
2 57 5 
60 35 84 
71 73 51 
36 7 14 
6 74 69 
52 86 37 
96 72 89 
90 59 79 
51 86 25 
86 13 79 
24 31 54 
4 2 46 
93 91 71 
43 24 99 
42 66 26 
66 81 29 
93 24 82 
43 9 85 
48 6 22 
88 6 100 
12 51 9 
7 93 32 
86 24 15 
89 88 0 
24 43 20 
1 57 92 
10 99 14 
4 97 97 
32 33 62 
51 76 36 
65 3 1 
74 20 22 
4 72 42 
71 8 10 
65 75 26 
16 48 41 
40 6 23 
53 74 37 
71 62 3 
5 84 35 
28 76 57 
68 75 23 
1 63 21 
89 4 41 
90 19 97 
97 53 46 
0 15 58 
21 99 87 
69 30 44 
43 88 38 
1 18 59 
75 12 69 
32 91 53 
53 2 4 
28 65 52 
75 12 59 
19 77 6 
92 38 81 
46 70 72 
56 47 0 
62 31 81 
95 87 64 
70 70 7 
80 84 5 
45 4 86 
9 99 78 
64 27 21 
26 83 2 
78 80 31 
40 56 41 
85 98 91 
17 55 50 
44 83 26 
58 80 9 
4 36 59 
100 47 90 
4 46 60 
98 48 53 
45 43 84 
25 54 50 
29 62 42 
19 100 73 
78 69 6 
43 85 76 
82 38 66 
13 94 16 
27 84 63 
45 7 19 
8 61 71 
62 8 0 
57 85 37 
95 75 96 
56 81 87 
94 0 92 
81 53 32 
30 81 79 
25 71 62 
46 21 68 
82 8 76 
11 56 97 
29 46 17 
19 15 20 
69 42 100 
58 66 2 
19 36 35 
27 7 100 
98 37 83 
40 77 91 
37 39 97 
96 44 67 
49 59 0 
84 61 44 
13 18 64 
60 93 10 
32 92 17 
28 43 4 
100 86 1 
75 26 29 
97 76 62 
51 95 65 
67 0 7 
58 36 30 
42 11 36 
2 55 70 
86 43 73 
89 94 77 
24 5 90 
55 55 62 
3 52 27 
4 63 57 
96 40 13 
35 44 21 
79 69 72 
46 80 82 
49 23 84 
70 64 28 
92 48 85 
35 80 45 
16 52 11 
7 85 48 
43 79 45 
75 80 33 
74 43 30 
55 59 92 
23 1 88 
68 11 61 
43 1 24 
28 90 72 
27 75 22 
4 26 86 
97 71 71 
52 29 89 
3 16 82 
84 9 19 
79 19 6 
70 98 77 
4 51 63 
33 19 92 
53 71 97 
35 19 21 
59 32 73 
54 30 65 
58 57 21 
97 7 56 
1 73 11 
78 26 71 
36 95 24 
13 49 46 
47 2 46 
13 98 23 
22 94 30 
87 53 0 
26 98 90 
91 56 80 
83 90 15 
44 36 29 
30 58 52 
28 20 41 
33 44 45 
38 12 66 
9 40 17 
95 10 53 
36 99 7 
24 43 27 
33 56 80 
13 52 68 
60 66 77 
1 87 37 
