300
42 42 1 
38 14 28 
42 45 62 
28 48 11 
65 98 64 
58 22 96 
61 55 54 
1 63 50 
35 48 39 
85 18 10 
55 14 86 
1 15 96 
41 84 21 
79 11 58 
77 23 76 
11 41 11 
25 61 18 
62 97 28 
61 53 39 
23 22 98 
38 62 80 
15 59 72 
17 97 33 
33 100 28 
80 43 6 
73 1 37 
34 97 86 
20 47 88 
74 30 20 
46 46 34 
99 80 30 
23 14 30 
68 74 64 
82 49 49 
11 56 38 
88 16 53 
73 27 39 
80 13 80 
100 85 10 
61 51 9 
77 75 38 
51 4 42 
68 2 2 
85 79 61 
11 63 90 
11 1 77 
18 55 29 
61 97 93 
9 85 83 
68 10 74 
60 91 82 
95 2 42 
22 59 34 
90 28 39 
28 98 60 
90 19 91 
71 63 82 
55 22 20 
87 12 67 
51 10 49 
44 21 97 
69 42 60 
91 20 19 
53 73 12 
74 35 36 
38 19 89 
6 17 27 
54 85 1 
47 12 2 
71 39 47 
60 59 18 
57 16 95 
54 53 41 
53 64 58 
45 18 0 
87 0 22 
69 60 68 
65 66 55 
87 35 80 
23 23 99 
91 93 34 
83 58 12 
12 65 17 
57 77 60 
29 6 4 
7 1 2 
41 23 20 
51 35 62 
87 16 45 
22 78 49 
44 70 1 
73 57 29 
83 70 35 
92 63 7 
70 88 63 
5 18 47 
91 37 21 
62 76 40 
72 45 20 
87 93 41 
75 44 39 
73 49 12 
82 10 24 
36 48 81 
73 90 66 
14 55 86 
78 7 12 
75 62 24 
25 17 40 
87 58 91 
21 83 93 
54 30 8 
82 49 44 
6 50 91 
78 50 31 
32 10 33 
64 39 31 
34 28 35 
70 13 2 
84 41 56 
76 53 8 
32 54 19 
89 74 18 
39 85 68 
60 22 5 
0 28 73 
91 81 36 
24 35 9 
21 96 9 
41 43 58 
95 39 58 
43 36 1 
69 24 46 
21 100 18 
42 88 85 
80 61 16 
20 17 100 
3 7 48 
75 0 25 
26 78 34 
57 17 11 
97 74 94 
62 90 39 
90 58 24 
17 37 14 
5 55 50 
72 67 47 
68 30 65 
44 81 30 
76 57 59 
68 64 58 
36 77 33 
71 63 37 
28 19 72 
71 5 46 
62 67 45 
93 40 36 
65 21 9 
2 68 32 
21 5 65 
58 8 46 
11 26 67 
8 24 38 
51 90 46 
54 97 44 
22 64 1 
70 43 29 
84 16 35 
89 30 3 
69 20 18 
37 79 74 
23 95 9 
73 78 59 
72 16 8 
72 67 28 
65 37 97 
25 97 20 
62 14 22 
100 8 80 
59 96 78 
92 26 2 
98 63 40 
56 59 53 
43 59 84 
21 34 54 
12 41 41 
17 28 1 
65 16 8 
14 59 17 
1 13 100 
1 96 74 
27 81 43 
65 0 61 
41 57 61 
40 27 83 
68 51 2 
70 86 37 
25 27 77 
9 11 70 
59 63 90 
11 1 76 
22 82 74 
63 25 1 
22 31 0 
74 6 5 
53 78 87 
28 32 72 
29 60 98 
54 60 14 
83 8 12 
65 4 45 
13 34 35 
97 48 90 
49 66 97 
92 98 25 
5 97 19 
28 50 33 
82 46 29 
35 10 54 
18 64 55 
50 60 18 
24 51 81 
50 13 65 
52 9 41 
90 32 49 
20 70 9 
94 23 39 
71 92 50 
47 14 33 
12 24 36 
35 20 68 
63 66 96 
24 62 24 
42 40 68 
82 64 69 
88 51 43 
72 63 65 
30 92 85 
17 16 13 
33 9 97 
85 95 48 
97 8 27 
29 64 88 
37 6 46 
70 65 88 
30 6 2 
81 46 18 
26 89 90 
65 39 68 
6 10 48 
26 14 49 
35 8 66 
32 22 84 
7 68 50 
49 91 22 
9 64 55 
5 7 15 
50 76 66 
18 15 49 
88 9 14 
38 32 35 
83 79 88 
13 48 50 
32 48 94 
4 35 59 
28 36 91 
47 65 14 
42 9 7 
35 55 24 
29 44 71 
44 56 68 
23 59 54 
87 41 20 
44 44 6 
71 26 46 
69 83 54 
48 7 9 
65 6 23 
66 54 99 
80 95 45 
13 80 16 
40 16 84 
99 92 100 
92 95 30 
49 27 91 
2 46 55 
41 72 67 
77 15 63 
20 48 3 
68 84 58 
43 48 4 
3 2 26 
34 26 5 
87 42 66 
6 55 65 
96 58 91 
57 3 67 
2 13 4 
72 50 84 
91 76 78 
