300
89 18 57 
96 85 33 
64 20 67 
73 18 21 
86 92 8 
28 81 73 
37 50 27 
11 6 47 
31 72 38 
20 89 89 
19 21 69 
9 69 36 
18 82 59 
62 29 12 
54 91 77 
55 35 36 
46 64 37 
65 23 78 
40 34 29 
60 52 28 
29 42 46 
8 75 3 
27 6 26 
26 67 67 
82 85 84 
34 53 33 
83 84 63 
23 37 31 
77 9 40 
20 10 41 
77 84 99 
69 27 32 
75 77 37 
15 77 69 
84 28 39 
81 80 29 
18 43 16 
66 90 55 
42 83 64 
23 30 48 
30 88 51 
91 65 44 
99 48 72 
73 51 48 
31 73 26 
56 9 6 
67 37 39 
50 56 10 
78 41 30 
4 47 10 
54 80 57 
27 9 21 
46 11 20 
23 77 54 
59 7 5 
16 63 83 
84 76 0 
87 62 99 
17 62 37 
34 23 87 
27 4 21 
69 98 72 
50 62 4 
85 65 39 
15 40 20 
19 36 21 
30 13 86 
2 55 96 
39 96 36 
43 41 12 
30 98 59 
79 16 61 
69 8 91 
80 63 81 
97 0 1 
83 19 47 
9 38 72 
16 7 83 
80 96 43 
25 52 76 
64 42 23 
52 23 18 
5 63 14 
68 30 23 
31 71 85 
94 41 69 
95 91 14 
73 83 25 
47 41 64 
88 11 25 
51 10 22 
39 44 79 
89 84 86 
99 100 97 
36 93 32 
100 14 68 
26 89 77 
69 96 36 
11 78 49 
60 20 39 
50 33 2 
86 16 50 
98 60 66 
100 23 26 
48 54 84 
96 100 70 
30 51 23 
42 17 36 
67 34 40 
48 4 57 
71 12 59 
58 81 43 
15 21 6 
58 83 21 
16 1 18 
23 81 11 
40 22 49 
52 72 16 
99 81 3 
91 11 25 
76 58 59 
69 80 71 
6 13 61 
57 13 34 
60 60 15 
24 44 39 
59 18 5 
81 2 40 
29 20 29 
99 98 19 
33 5 42 
13 62 93 
19 36 29 
70 97 7 
48 34 94 
51 36 24 
77 29 21 
46 97 44 
85 13 14 
53 84 81 
46 9 100 
8 16 9 
55 99 33 
55 11 86 
84 64 68 
3 74 0 
0 16 6 
90 87 21 
74 90 14 
87 21 81 
52 11 62 
39 79 45 
36 81 62 
96 100 88 
30 86 89 
21 80 68 
49 96 66 
27 81 92 
92 21 11 
15 48 80 
82 27 4 
31 33 59 
13 52 16 
91 29 87 
38 54 95 
76 25 55 
18 14 36 
79 81 26 
74 91 70 
26 49 68 
72 90 15 
1 42 76 
24 94 32 
0 75 25 
96 86 28 
13 11 0 
99 97 93 
44 35 10 
15 66 47 
99 6 4 
24 39 86 
24 10 58 
10 6 56 
63 54 94 
4 25 22 
51 73 34 
69 3 74 
20 29 65 
58 88 84 
84 58 2 
5 2 94 
39 55 91 
63 21 84 
46 17 99 
55 3 34 
4 95 34 
10 13 28 
2 14 92 
89 66 87 
72 48 16 
65 14 45 
36 67 72 
79 49 28 
73 76 0 
91 31 17 
27 48 1 
98 76 85 
45 58 97 
98 53 60 
81 64 91 
36 7 41 
87 73 48 
60 95 28 
43 81 70 
52 48 70 
5 39 73 
71 31 5 
99 71 39 
40 84 6 
23 34 47 
80 4 78 
56 20 31 
40 54 1 
54 80 72 
26 53 90 
16 93 91 
13 46 41 
14 86 96 
22 65 65 
79 26 29 
72 64 33 
21 1 94 
34 18 60 
83 33 2 
15 77 28 
94 84 4 
79 34 37 
26 24 62 
33 19 99 
97 68 34 
29 14 40 
19 11 19 
65 98 79 
75 83 23 
33 99 22 
74 22 90 
14 27 49 
94 78 75 
42 70 88 
22 93 47 
21 79 99 
23 57 71 
35 6 75 
1 73 44 
65 66 2 
76 67 27 
14 43 64 
42 32 7 
79 77 84 
29 93 3 
61 52 31 
11 63 81 
37 6 67 
48 92 37 
29 58 11 
25 54 70 
26 4 99 
39 12 24 
41 68 45 
99 49 85 
56 56 82 
27 45 67 
8 46 26 
43 8 98 
59 67 19 
38 96 5 
97 8 96 
22 76 49 
36 66 74 
43 37 14 
45 49 34 
52 28 63 
65 79 89 
71 92 97 
27 62 33 
88 21 81 
96 9 99 
3 52 22 
27 58 34 
14 79 8 
4 55 71 
46 32 63 
97 50 29 
60 90 67 
15 92 98 
57 92 82 
56 43 30 
89 44 53 
72 39 72 
94 40 53 
